307 1095 0
218 789 1
300 789 1
222 947 2
222 1098 2
304 871 2
304 1022 2
224 872 3
224 1023 3
306 947 3
714 719 22
879 1167 23
539 719 31
700 1173 32
874 721 33
380 638 -11
380 788 -11
380 864 -11
380 939 -11
380 1015 -11
380 1090 -11
380 1243 -11
462 788 -11
462 864 -11
462 939 -11
462 1015 -11
462 1090 -11
544 638 -11
544 788 -11
544 864 -11
544 939 -11
544 1015 -11
544 1090 -11
544 1242 -11
626 788 -11
626 864 -11
626 939 -11
626 1015 -11
626 1091 -11
708 638 -11
708 788 -11
708 864 -11
708 940 -11
708 1015 -11
708 1091 -11
708 1243 -11
790 789 -11
790 864 -11
790 940 -11
790 1015 -11
790 1091 -11
872 638 -11
872 789 -11
872 864 -11
872 940 -11
872 1015 -11
872 1091 -11
872 1242 -11
