266 1057 0
431 753 0
431 829 0
431 1131 0
259 751 1
259 978 1
341 827 1
341 1129 1
423 978 1
834 750 1
834 1127 1
263 833 2
263 1136 2
345 984 2
427 909 2
427 1060 2
265 910 3
347 758 3
347 910 3
347 1061 3
503 750 -11
503 826 -11
503 902 -11
503 977 -11
503 1053 -11
503 1128 -11
585 750 -11
585 826 -11
585 902 -11
585 977 -11
585 1053 -11
585 1128 -11
667 751 -11
667 826 -11
667 902 -11
667 977 -11
667 1053 -11
667 1128 -11
749 751 -11
749 826 -11
749 902 -11
749 977 -11
749 1053 -11
749 1129 -11
831 826 -11
831 902 -11
831 978 -11
831 1053 -11
