595 716 0
759 716 0
259 940 1
341 865 1
341 1016 1
423 940 1
508 943 1
588 863 1
670 1014 1
345 947 2
591 1022 2
673 871 2
675 721 3
675 1174 3
757 1174 3
506 945 11
836 946 12
591 1172 22
257 863 -11
257 1015 -11
421 788 -11
421 864 -11
421 1015 -11
421 1090 -11
503 788 -11
503 864 -11
503 1015 -11
503 1090 -11
585 788 -11
585 939 -11
585 1091 -11
667 788 -11
667 940 -11
667 1091 -11
749 789 -11
749 864 -11
749 940 -11
749 1015 -11
749 1091 -11
831 789 -11
831 864 -11
831 1015 -11
831 1091 -11
