259 902 1
588 1203 1
591 905 1
263 984 2
263 1136 2
345 1211 2
427 1060 2
509 1211 2
265 1061 3
347 1061 3
429 985 3
429 1136 3
429 1212 3
251 1197 4
591 679 10
837 906 10
588 907 11
836 678 14
339 826 -11
339 901 -11
339 977 -11
339 1128 -11
421 750 -11
421 826 -11
421 901 -11
503 675 -11
503 750 -11
503 826 -11
503 902 -11
503 977 -11
503 1053 -11
503 1128 -11
585 750 -11
585 826 -11
585 977 -11
585 1053 -11
585 1128 -11
667 675 -11
667 751 -11
667 826 -11
667 902 -11
667 977 -11
667 1053 -11
667 1128 -11
749 675 -11
749 751 -11
749 826 -11
749 902 -11
749 977 -11
749 1053 -11
831 751 -11
831 826 -11
831 978 -11
