307 793 0
307 1095 0
389 1171 0
390 716 0
554 716 0
554 1169 0
636 942 0
718 716 0
718 1169 0
800 791 0
800 1093 0
457 932 4
539 932 4
621 856 4
703 932 4
785 932 4
297 942 -11
298 712 -11
298 863 -11
298 1015 -11
298 1166 -11
380 788 -11
380 864 -11
380 939 -11
380 1015 -11
380 1090 -11
462 713 -11
462 788 -11
462 864 -11
462 1015 -11
462 1090 -11
462 1166 -11
544 788 -11
544 864 -11
544 1015 -11
544 1090 -11
626 713 -11
626 788 -11
626 1015 -11
626 1091 -11
626 1166 -11
708 788 -11
708 864 -11
708 1015 -11
708 1091 -11
790 713 -11
790 864 -11
790 1015 -11
790 1166 -11
