225 792 0
225 1095 0
307 641 0
307 868 0
389 642 0
636 640 0
636 867 0
718 791 0
800 640 0
882 1169 0
218 940 1
300 713 1
300 789 1
382 1016 1
382 1091 1
546 865 1
546 1092 1
629 1014 1
629 1090 1
711 863 1
711 1014 1
793 863 1
793 1090 1
875 712 1
875 787 1
222 720 2
222 1022 2
222 1173 2
222 1249 2
304 1022 2
304 1173 2
386 871 2
386 1249 2
468 871 2
468 1098 2
468 1249 2
550 796 2
632 796 2
224 645 3
224 872 3
306 1098 3
306 1250 3
388 796 3
470 796 3
552 1023 3
716 645 3
716 1099 3
716 1250 3
798 1023 3
880 645 3
880 1099 3
880 1250 3
293 932 4
457 629 4
457 1007 4
539 629 4
539 1234 4
785 781 4
785 1234 4
867 856 4
867 1007 4
632 1248 13
783 719 30
783 946 31
865 947 32
790 1174 33
380 712 -11
380 939 -11
380 1166 -11
462 713 -11
462 939 -11
462 1166 -11
544 713 -11
544 1166 -11
626 713 -11
626 939 -11
626 1166 -11
708 713 -11
708 940 -11
708 1166 -11
